1 11.7131
1.18182 14.7751
1.36364 17.4259
1.54545 19.7028
1.72727 21.6421
1.90909 23.2789
2.09091 24.6474
2.27273 25.7806
2.45455 26.7108
2.63636 27.4687
2.81818 28.0845
3 28.587
3.18182 29.0041
3.36364 29.3628
3.54545 29.6886
3.72727 30.0065
3.90909 30.3402
4.09091 30.7122
4.27273 31.1443
4.45455 31.6569
4.63636 32.2698
4.81818 33.0012
5 33.8688
5.18182 34.8889
5.36364 36.0768
5.54545 37.447
5.72727 39.0127
5.90909 40.786
6.09091 42.7783
6.27273 44.9997
6.45455 47.4593
6.63636 50.1651
6.81818 53.1241
7 56.3425
7.18182 59.825
7.36364 63.5756
7.54545 67.5972
7.72727 71.8915
7.90909 76.4593
8.09091 81.3003
8.27273 86.4133
8.45455 91.7958
8.63636 97.4445
8.81818 103.355
9 109.521
9.18182 115.938
9.36364 122.596
9.54545 129.488
9.72727 136.604
9.90909 143.932
10.0909 151.462
10.2727 159.181
10.4545 167.074
10.6364 175.128
10.8182 183.325
11 191.649
11.1818 200.082
11.3636 208.605
11.5455 217.197
11.7273 225.839
11.9091 234.507
12.0909 243.178
12.2727 251.828
12.4545 260.432
12.6364 268.963
12.8182 277.394
13 285.697
13.1818 293.841
13.3636 301.797
13.5455 309.534
13.7273 317.017
13.9091 324.214
14.0909 331.09
14.2727 337.609
14.4545 343.735
14.6364 349.429
14.8182 354.653
15 359.367
15.1818 363.53
15.3636 367.1
15.5455 370.034
15.7273 372.287
15.9091 373.815
16.0909 374.571
16.2727 374.509
16.4545 373.58
16.6364 371.734
16.8182 368.922
17 365.092
17.1818 360.192
17.3636 354.167
17.5455 346.964
17.7273 338.527
17.9091 328.8
18.0909 317.724
18.2727 305.242
18.4545 291.292
18.6364 275.816
18.8182 258.75
19 240.032
