10 147.672
10.0808 151.038
10.1616 154.441
10.2424 157.881
10.3232 161.356
10.404 164.864
10.4848 168.405
10.5657 171.977
10.6465 175.578
10.7273 179.208
10.8081 182.865
10.8889 186.547
10.9697 190.252
11.0505 193.98
11.1313 197.729
11.2121 201.496
11.2929 205.28
11.3737 209.08
11.4545 212.893
11.5354 216.718
11.6162 220.553
11.697 224.396
11.7778 228.244
11.8586 232.097
11.9394 235.952
12.0202 239.807
12.101 243.659
12.1818 247.507
12.2626 251.348
12.3434 255.181
12.4242 259.002
12.5051 262.81
12.5859 266.602
12.6667 270.376
12.7475 274.129
12.8283 277.859
12.9091 281.564
12.9899 285.24
13.0707 288.885
13.1515 292.497
13.2323 296.072
13.3131 299.609
13.3939 303.104
13.4747 306.554
13.5556 309.957
13.6364 313.31
13.7172 316.609
13.798 319.853
13.8788 323.037
13.9596 326.159
14.0404 329.216
14.1212 332.204
14.202 335.12
14.2828 337.962
14.3636 340.725
14.4444 343.407
14.5253 346.005
14.6061 348.514
14.6869 350.931
14.7677 353.254
14.8485 355.478
14.9293 357.6
15.0101 359.616
15.0909 361.523
15.1717 363.317
15.2525 364.994
15.3333 366.551
15.4141 367.984
15.4949 369.288
15.5758 370.461
15.6566 371.498
15.7374 372.395
15.8182 373.148
15.899 373.754
15.9798 374.207
16.0606 374.505
16.1414 374.643
16.2222 374.616
16.303 374.42
16.3838 374.052
16.4646 373.507
16.5455 372.78
16.6263 371.867
16.7071 370.764
16.7879 369.466
16.8687 367.968
16.9495 366.267
17.0303 364.357
17.1111 362.234
17.1919 359.893
17.2727 357.33
17.3535 354.539
17.4343 351.516
17.5152 348.256
17.596 344.754
17.6768 341.005
17.7576 337.005
17.8384 332.747
17.9192 328.228
18 323.442
